SNAPSHOT_STATUS=SYNCED
BALANCE_SOURCE=BITGET_READONLY
BALANCE_TS_UTC=2026-03-01T13:20:18Z
BTC_UNITS=0.0000006118
USDT_UNITS=1424.1417101736
